101
306
301
302
304
300
305
303
102
103
307
104
105
311
312
313
310
320
240
106
107
110
111
315
316
317
314
112
113
114
225
115
116
321
117
226
323
324
326
322
330
325
120
121
122
123
227
124
336
125
332
333
334
331
126
127
130
131
335
230
132
231
141
341
342
264
344
346
340
046
345
136
176
052
100
343
142
134
174
173
175
133
135
030
246
200
143
031
347
270
242
032
072
054
251
244
144
201
202
260
250
367
044
033
232
145
351
352
353
350
070
203
204
205
075
360
041
241
146
223
065
224
206
064
207
147
337
140
076
253
273
210
211
150
034
055
151
355
356
357
354
152
153
154
074
254
233
155
257
212
265
327
156
071
361
043
157
363
364
366
234
035
362
061
275
274
271
252
272
370
365
160
266
050
051
045
056
267
213
053
261
161
077
277
042
214
215
216
217
220
221
047
162
256
036
163
235
247
073
067
066
057
040
243
164
376
063
276
263
037
222
062
262
165
372
373
374
371
137
166
167
170
171
375
377
245
172
236
060
